Name: double_logistic
Description:
Functional analysis of the double logistic function.

Run time(seconds): 22
Number of parameter sets: 8364000
Parameter Range: 
median_asc     1     -   5   
slope_asc      0.1   -   0.3 
median_desc    5     -   10  
slope_desc     0.1   -   0.3 
X              1     -   10  
Infinitesimal Step: 
median_asc	0.1
slope_asc	0.01
median_desc	0.1
slope_desc	0.01
X	1
Continuous: 1
Function Stochasticity: 1.22683
Derivative Stochasticity of "median_asc": 0.727815
Derivative Stochasticity of "slope_asc": 0.79686
Derivative Stochasticity of "median_desc": 1.22683
Derivative Stochasticity of "slope_desc": 1.22683
Derivative Stochasticity of "X": 0.732738

Covariance:
lower bounds:
-8.774849e+17    -1.938723e+02    -8.774849e+17    1.430615e+01    -8.774849e+17    
-2.136865e+16    9.372009e+01    -2.136865e+16    -5.850754e+00    -2.136865e+16    
-7.686143e+17    -3.134688e+02    -7.686143e+17    2.723531e+01    -7.686143e+17    
2.395217e+01    -6.607937e+00    4.073908e+01    4.219927e-01    1.800502e+01    
-7.686143e+17    -4.915133e+01    -7.686143e+17    4.501256e+00    -7.686143e+17    

central bounds:
-8.774849e+17    -1.938723e+02    -8.774849e+17    1.430615e+01    -8.774849e+17    
-2.136865e+16    9.372009e+01    -2.136865e+16    -5.850754e+00    -2.136865e+16    
-7.686143e+17    -3.134688e+02    -7.686143e+17    2.723531e+01    -7.686143e+17    
2.395217e+01    -6.607937e+00    4.073908e+01    4.219927e-01    1.800502e+01    
-7.686143e+17    -4.915133e+01    -7.686143e+17    4.501256e+00    -7.686143e+17    

upper bounds:
-4.985607e+17    -4.443210e+02    -4.985607e+17    -1.455088e-01    -4.985607e+17    
-4.460000e+02    -1.536303e+04    4.980000e+02    1.506067e-01    4.920000e+02    
-4.985607e+17    4.986429e+02    -4.985607e+17    4.420465e+00    -4.985607e+17    
-1.455088e-01    1.506067e-01    4.420465e+00    9.742544e-03    -1.348157e-01    
-4.985607e+17    4.926186e+02    -4.985607e+17    -1.348157e-01    -4.985607e+17    


Correlation:
lower bounds:
-1.139621e-18    2.357455e-18    -1.301043e-18    -3.863476e-17    -1.301043e-18    
2.598392e-04    1.067007e-02    2.966442e-04    -1.479361e-01    2.966442e-04    
-1.139621e-18    4.351642e-18    -1.301043e-18    -8.396898e-17    -1.301043e-18    
-6.468449e-17    -1.670814e-01    -1.256023e-16    2.369709e+00    -5.551115e-17    
-1.139621e-18    6.823294e-19    -1.301043e-18    -1.387779e-17    -1.301043e-18    

central bounds:
-1.139621e-18    2.357455e-18    -1.301043e-18    -3.863476e-17    -1.301043e-18    
2.598392e-04    1.067007e-02    2.966442e-04    -1.479361e-01    2.966442e-04    
-1.139621e-18    4.351642e-18    -1.301043e-18    -8.396898e-17    -1.301043e-18    
-6.468449e-17    -1.670814e-01    -1.256023e-16    2.369709e+00    -5.551115e-17    
-1.139621e-18    6.823294e-19    -1.301043e-18    -1.387779e-17    -1.301043e-18    

upper bounds:
-2.005774e-18    -5.800987e-20    -2.005774e-18    2.995704e-17    -2.005774e-18    
-5.822908e-20    -6.509132e-05    6.501812e-20    -1.006225e-03    6.423477e-20    
-2.005774e-18    6.510206e-20    -2.005774e-18    -9.100759e-16    -2.005774e-18    
2.995704e-17    -1.006225e-03    -9.100759e-16    1.026426e+02    2.775558e-17    
-2.005774e-18    6.431554e-20    -2.005774e-18    2.775558e-17    -2.005774e-18    
